Decay = 0.1
stop and go
[69.14950066269884, 127.6062431643795, 169.4919214297799, 226.86531452301094, 329.5586292809451, 418.78782048637987, 518.3092879893086, 575.0877895015725, 617.963607771678, 674.3455949352277, 779.0131740789493, 864.6145141003282]
reroute
[95.46965377377722, 168.5049420085748, 227.39674176767446, 303.8799142320523, 455.9956776956284, 591.8361714723109, 721.141517210117, 796.3804776891051, 854.927885181474, 934.4975920104108, 1076.0162482297656, 1182.2085287103887]
encouter
[1, 1, 0, 0, 1, 3, 3, 1, 0, 0, 1, 1]

Decay = 0.3
stop and go
[68.9281210942423, 123.47781659211941, 163.38165424117835, 216.38691307306104, 321.4234186290806, 412.72825960486676, 509.1268254739273, 566.8074520973723, 611.3286186280109, 666.7323259759838, 770.8309741091895, 864.1729313583443]
reroute
[93.73473549405108, 180.0249689039346, 232.34572628661132, 302.4277067694566, 440.4158696399718, 581.561523326868, 714.3076120044572, 795.6254957384635, 852.9798039468303, 928.2813841804204, 1079.918988710442, 1202.8011348295247]
encouter
[1, 1, 0, 0, 1, 3, 3, 1, 0, 0, 2, 1]

Decay = 0.5
Stop and go

[69.1535820690693, 123.2489549689504, 165.10727728312463, 219.10042787585152, 323.3704079741573, 412.8058870217298, 523.1680010313769, 583.5197120049188, 623.7886063513685, 680.1633434876816, 780.1841967872878, 867.1389035239869]
[101.19643805853867, 173.35656149962463, 233.27851190110854, 305.00237689512704, 463.6431387119247, 600.2154314947221, 740.3024809687939, 821.1334661038642, 873.6271689298711, 946.0547946429775, 1086.2767483712773, 1206.5475967752263]
[1, 1, 0, 0, 1, 3, 0, 0, 0, 0, 2, 1]




Real ----
d = 1
[68.55562907446952, 121.53186032289086, 164.1840571574812, 218.69495559878123, 323.3531624112581, 409.2639259844929, 506.2426478608574, 562.8972516198529, 609.2751349208052, 667.0259388262183, 816.1767605775947, 947.1775865131834]
[74.86072227092106, 131.048862956584, 176.61474957084477, 235.65835945581472, 347.0683152005102, 446.3442640420021, 547.967016034459, 606.7613827460578, 655.2525269424999, 714.495126821204, 873.5284209415979, 1047.1192721104967]
[1, 1, 0, 0, 1, 2, 3, 1, 0, 0, 1, 1]

D = 0.7
[68.40408132020544, 123.05819143770121, 164.91890617531476, 218.80818756567922, 363.6557604138163, 455.3719240616854, 570.2151331169287, 631.6943392198854, 675.5306787246661, 735.6485530199444, 840.8540845346091, 931.7361480988524]
[77.13544576558104, 134.70742237346724, 178.80358178139602, 235.1276863542958, 388.56051606014694, 503.8947010236114, 625.9819283156316, 685.9580060156317, 732.2311763669752, 794.5602000535697, 905.3003374529634, 1001.4984341485701]
[1, 1, 0, 0, 1, 3, 0, 1, 0, 0, 1, 0]

D  = 0.5
[68.75669416960186, 121.68725737524043, 164.7010981598143, 216.884183504575, 320.23522388336545, 414.12943264456425, 513.7321901331846, 570.1116212234539, 612.7993764854159, 668.8131874974648, 772.0868759039464, 860.640012071023]
[80.2788867705203, 135.4398430031875, 181.86453734802177, 235.46201334941185, 344.05569402060905, 462.93662153955603, 568.8954761608932, 629.4553063747779, 674.061944947145, 732.304005587456, 842.7861436192992, 938.2477545217276]
[1, 1, 0, 0, 1, 2, 3, 1, 0, 0, 2, 1]

D = 0.3
[67.44003368152296, 119.78115758083179, 160.84437817561712, 211.83829467550908, 317.65932950622135, 406.71369213019545, 505.510016113913, 562.8362762990091, 607.9087840180847, 661.9182331872285, 765.6879549909179, 852.3472320339285]
[77.9644414941547, 134.45634180445688, 178.4315432010703, 232.90067491339244, 355.05641646380064, 471.0888168331893, 574.094546112675, 634.4605383701363, 681.6319898457941, 737.4057003163289, 852.8699342642294, 945.0474743829114]
[1, 1, 0, 0, 1, 2, 3, 1, 0, 0, 1, 1]

D = 0.1
[68.5533499336657, 120.03391224387597, 164.41768083408977, 216.51131323598128, 319.4763551732941, 406.1133439835791, 502.15967152899043, 553.9112111066195, 597.7558934815726, 656.5622990741967, 759.2739540605601, 845.278966423993]
[78.60782611430331, 133.58359842791967, 179.7921877517723, 234.38650164383628, 341.0994464123125, 454.9564852241982, 582.2381430925356, 637.028765519731, 682.6786104219601, 743.6664431758996, 855.8832705911792, 945.6209245278643]
[1, 1, 0, 0, 1, 3, 3, 1, 0, 0, 1, 1]

D = 0 //this is the case when no memory at all is used
[67.46298848605292, 120.24184163832248, 166.3206168090463, 223.0517476785897, 325.51432314623304, 411.23710161837784, 504.7609985525598, 555.2972422488772, 595.789298530952, 653.6824189045606, 756.7734288651457, 841.9334525471495]
[72.85230831157705, 127.75579618042426, 174.82165895343476, 234.83766193901423, 354.3711692619344, 469.5529421475619, 569.0940485648508, 626.6031563851145, 669.4767448095336, 729.2031225712966, 838.5242637092024, 930.1695796750107]
[1, 1, 0, 0, 1, 3, 3, 1, 0, 0, 2, 2]


